0 0.5790754257907543 0.09464285714285714 0.15085158150851583 0.15357142857142855
0 0.11557177615571776 0.17142857142857143 0.12895377128953772 0.15
0 0.3260340632603406 0.4464285714285714 0.09732360097323602 0.09999999999999999
0 0.7785888077858881 0.0625 0.13138686131386862 0.11785714285714285
1 0.12652068126520682 0.4125 0.18491484184914841 0.31785714285714284
1 0.5474452554744526 0.4107142857142857 0.11678832116788321 0.35714285714285715
1 0.635036496350365 0.3607142857142857 0.09245742092457421 0.3214285714285714
1 0.7785888077858881 0.2875 0.18004866180048662 0.3392857142857143
1 0.9014598540145986 0.43392857142857144 0.1386861313868613 0.3107142857142857
1 0.9695863746958637 0.4714285714285714 0.06569343065693431 0.34285714285714286
