0 0.34793187347931875 0.1982142857142857 0.18978102189781024 0.225
0 0.7652068126520681 0.34285714285714286 0.1435523114355231 0.17857142857142858
0 0.04257907542579076 0.4464285714285714 0.0705596107055961 0.09999999999999999
0 0.1362530413625304 0.4446428571428571 0.05352798053527981 0.075
0 0.20316301703163017 0.39464285714285713 0.09002433090024331 0.09642857142857142
0 0.4975669099756691 0.46964285714285714 0.05596107055961071 0.03214285714285714
0 0.5839416058394161 0.44107142857142856 0.058394160583941604 0.05357142857142857
0 0.9294403892944039 0.4125 0.11678832116788321 0.11785714285714285
0 0.8211678832116789 0.4517857142857143 0.05596107055961071 0.06785714285714285
2 0.7274939172749392 0.47678571428571426 0.12165450121654502 0.14642857142857144
2 0.3029197080291971 0.3964285714285714 0.10948905109489052 0.1357142857142857
2 0.5815085158150852 0.5125 0.058394160583941604 0.06785714285714285
2 0.9257907542579076 0.5196428571428571 0.08029197080291971 0.060714285714285714
2 0.04866180048661801 0.5303571428571429 0.043795620437956206 0.08214285714285714
1 0.7506082725060828 0.7267857142857143 0.20194647201946472 0.48928571428571427
1 0.20437956204379562 0.7160714285714286 0.13138686131386862 0.3964285714285714
1 0.5888077858880779 0.6392857142857142 0.11678832116788321 0.2642857142857143
