0 0.11678832116788321 0.1607142857142857 0.11192214111922141 0.09285714285714286
0 0.5669099756690997 0.09999999999999999 0.1411192214111922 0.12857142857142856
0 0.6557177615571776 0.07678571428571428 0.08515815085158152 0.09642857142857142
0 0.7700729927007299 0.05714285714285714 0.09489051094890512 0.11428571428571428
1 0.11678832116788321 0.4107142857142857 0.18004866180048662 0.3142857142857143
1 0.3199513381995134 0.5035714285714286 0.09975669099756691 0.17142857142857143
1 0.551094890510949 0.3892857142857143 0.13381995133819952 0.37142857142857144
1 0.6508515815085159 0.3821428571428571 0.10462287104622871 0.35
1 0.7627737226277372 0.29107142857142854 0.1873479318734793 0.35357142857142854
1 0.9087591240875913 0.4303571428571428 0.12408759124087591 0.27499999999999997
1 0.9586374695863747 0.7517857142857143 0.038929440389294405 0.9249999999999999
